t01 = [0.707 -0.707 0.707; 0.707 0.707 0.707; 0 0 1];
t12 = [0.707 0.707 0.3535; -0.707 0.707 -0.3535; 0 0 1];
t23 = [0.707 -0.707 0.707; 0.707 0.707 0.707; 0 0 1];

t03 = t01*t12*t23;