T_01 = [0.8660   -0.0000    0.5000    0.8660;
    0.5000    0.0000   -0.8660    0.5000;
         0    1.0000    0.0000    1.0000;
         0         0         0    1.0000];

T_12 = [ 0.8660   -0.0000   -0.5000    0.4330;
    0.5000    0.0000    0.8660    0.2500;
         0   -1.0000    0.0000    1.0000;
         0         0         0    1.0000];

T_23 = [ 0.8660   -0.5000         0         0;
    0.5000    0.8660         0         0;
         0         0    1.0000         0;
         0         0         0    1.0000];

T_34= [0.8660   -0.0000    0.5000    0.8660;
    0.5000    0.0000   -0.8660    0.5000 ;
         0    1.0000    0.0000         0;
         0         0         0    1.0000];

T_45 = [0.8660   -0.0000   -0.5000         0;
    0.5000    0.0000    0.8660         0;
         0   -1.0000    0.0000         0;
         0         0         0    1.0000];

T_56 = [0.8660   -0.0000    0.5000         0;
    0.5000    0.0000   -0.8660         0;
         0    1.0000    0.0000         0;
         0         0         0    1.0000];

T_06 = T_01*T_12*T_23*T_34*T_45*T_56;

disp(T_06);